{
 "cells": [
  {
   "cell_type": "markdown",
   "metadata": {},
   "source": [
    "## Initializations"
   ]
  },
  {
   "cell_type": "code",
   "execution_count": 1,
   "metadata": {},
   "outputs": [],
   "source": [
    "## import libraries\n",
    "%matplotlib inline\n",
    "import matplotlib.pyplot as plt\n",
    "import math\n",
    "import numpy as np\n",
    "import time # time keeper. Precision: time.perf_counter()=1e-09, time.time()=1e-06(use this if over 72 minutes)"
   ]
  },
  {
   "cell_type": "code",
   "execution_count": 2,
   "metadata": {},
   "outputs": [],
   "source": [
    "## Read only global variables\n",
    "num_of_cities = [i for i in range(4, 9)] # number of cities we want to check = [i, i+1, i+2, ...]\n",
    "TSPmode = 0 # 0 for Logistic, 1 for Noise, 2 for Sin\n",
    "pi = math.pi # 2 * math.acos(0)\n",
    "deltaXd, deltaXg, amplitude = 0.001, 0.001, 0.003 # dist. and gain from lanes, max amplitude of the sin noise\n",
    "MaxCyc = 3500 # max stepsfor a trial\n",
    "withdraw, decided = 0.5, 0.7 # point of illu. or not, leg is stretched enough or not\n",
    "gamma_1, gamma_2, gamma_3 = 1000, 35, 20 # gain of sgm(): larger the number, steeper the function\n",
    "theta_1, theta_2, theta_3 = -0.5, 0.6, 0.6 # intercept of x of sgm(): x threshold of sgm() taking 0.5 \n",
    "_lambda = 0.5 # visited two cities at a same time, -lambda = -0.5 as most smallest Wvkul -> light hitting constantly\n",
    "mu = 0.5 # visited the same city twice, same as above\n",
    "freq = 0.25 # in sinTSP\n",
    "theta = 0.5 # numerator of nu\n",
    "\n",
    "## Vairiables who need initialization\n",
    "list_maps = [] # list of maps\n",
    "nu = 0.5 # calculated in calculation_nu(): standardize the distance for W"
   ]
  },
  {
   "cell_type": "markdown",
   "metadata": {},
   "source": [
    "## Generate TSP maps"
   ]
  },
  {
   "cell_type": "code",
   "execution_count": 3,
   "metadata": {
    "scrolled": true
   },
   "outputs": [
    {
     "name": "stdout",
     "output_type": "stream",
     "text": [
      "map:\n",
      "[[  0.         105.69846928 113.30081702  83.65859223]\n",
      " [105.69846928   0.          86.4450049  131.46762886]\n",
      " [113.30081702  86.4450049    0.          89.49361506]\n",
      " [ 83.65859223 131.46762886  89.49361506   0.        ]]\n",
      "map:\n",
      "[[  0.          89.30603525 100.57416669 122.75643216  93.59221705]\n",
      " [ 89.30603525   0.         101.91712664 108.37541084 124.49096574]\n",
      " [100.57416669 101.91712664   0.         119.25277097  78.53081009]\n",
      " [122.75643216 108.37541084 119.25277097   0.          72.98659753]\n",
      " [ 93.59221705 124.49096574  78.53081009  72.98659753   0.        ]]\n",
      "map:\n",
      "[[  0.         121.73905636 130.22469929 112.92659273  94.06397634\n",
      "   97.52611918]\n",
      " [121.73905636   0.         107.21088445 111.23574895  92.19782132\n",
      "   73.70177566]\n",
      " [130.22469929 107.21088445   0.          80.68193028 107.54513714\n",
      "   69.5165292 ]\n",
      " [112.92659273 111.23574895  80.68193028   0.          83.07260988\n",
      "  106.0304803 ]\n",
      " [ 94.06397634  92.19782132 107.54513714  83.07260988   0.\n",
      "  112.50107332]\n",
      " [ 97.52611918  73.70177566  69.5165292  106.0304803  112.50107332\n",
      "    0.        ]]\n",
      "map:\n",
      "[[  0.          90.42267004  73.73580296 122.62515568  96.89937625\n",
      "   92.93726116 108.81886652]\n",
      " [ 90.42267004   0.          95.71290551  70.21875216  81.61904024\n",
      "   85.75363784 113.266525  ]\n",
      " [ 73.73580296  95.71290551   0.         123.37912093 104.15070717\n",
      "  113.77610669  95.00914026]\n",
      " [122.62515568  70.21875216 123.37912093   0.         120.72130806\n",
      "  114.38921061 126.00662851]\n",
      " [ 96.89937625  81.61904024 104.15070717 120.72130806   0.\n",
      "  114.17527966  93.86422173]\n",
      " [ 92.93726116  85.75363784 113.77610669 114.38921061 114.17527966\n",
      "    0.          73.15919686]\n",
      " [108.81886652 113.266525    95.00914026 126.00662851  93.86422173\n",
      "   73.15919686   0.        ]]\n",
      "map:\n",
      "[[  0.         110.28648755  65.49436981 119.64955736 110.43877012\n",
      "  113.57079597  86.05716744  80.951215  ]\n",
      " [110.28648755   0.         115.92684771 106.8808138   90.26391831\n",
      "   97.46899227  98.39668533  73.06070768]\n",
      " [ 65.49436981 115.92684771   0.          90.67132946 111.79714031\n",
      "  103.30976087 129.6360416  130.04993706]\n",
      " [119.64955736 106.8808138   90.67132946   0.          96.1973222\n",
      "   68.33994831  89.36884468 110.07909592]\n",
      " [110.43877012  90.26391831 111.79714031  96.1973222    0.\n",
      "  119.99461772  95.62120586 105.02932605]\n",
      " [113.57079597  97.46899227 103.30976087  68.33994831 119.99461772\n",
      "    0.          73.52490652 102.28384239]\n",
      " [ 86.05716744  98.39668533 129.6360416   89.36884468  95.62120586\n",
      "   73.52490652   0.         108.71156725]\n",
      " [ 80.951215    73.06070768 130.04993706 110.07909592 105.02932605\n",
      "  102.28384239 108.71156725   0.        ]]\n"
     ]
    }
   ],
   "source": [
    "## Generate TSP maps\n",
    "# variables only used for generating\n",
    "mina, minv = 100, 17 # set minimum value of average and variance of the paths\n",
    "_range = 2 # sets range of target average and variance of the paths\n",
    "\n",
    "## set seed for getting same random numbers\n",
    "np.random.seed(0)\n",
    "\n",
    "for city in num_of_cities:\n",
    "    while True:\n",
    "        global list_maps\n",
    "        # initialization in each trial\n",
    "        counter = 0 # memorize which path we're working on\n",
    "        path = np.zeros( int( city*(city-1)/2 ) )\n",
    "        a_map = np.zeros((city, city))\n",
    "        average, variance = 0, 0\n",
    "\n",
    "        ## set path\n",
    "        while counter < city*(city-1)/2:\n",
    "            alpha = np.random.rand()\n",
    "            beta = np.random.rand()\n",
    "\n",
    "            path[counter] = 17*math.sqrt(-2*math.log(alpha))*math.sin(2*pi*beta)+100\n",
    "            if path[counter] != 0:\n",
    "                counter += 1\n",
    "\n",
    "        ## make map from the path\n",
    "        counter = 0\n",
    "        for i in range(city):\n",
    "            for j in range(city):\n",
    "                if (i > j):\n",
    "                    a_map[i][j] = path[counter]\n",
    "                    counter += 1\n",
    "        a_map += a_map.T   \n",
    "\n",
    "        ## calculate average and variance\n",
    "        average = sum(path)/len(path)\n",
    "        for i in path:\n",
    "            variance += (i - average)**2\n",
    "        variance = variance/len(path)\n",
    "\n",
    "        ## end loop if mina < average < mina+_range and minv**2 < variance < minv**2+_range\n",
    "        if mina < average and average < mina+_range and minv**2 < variance and variance < minv**2+_range:\n",
    "            list_maps.append(a_map)\n",
    "            break\n",
    "\n",
    "    print(\"map:\")\n",
    "    print(a_map)"
   ]
  },
  {
   "cell_type": "code",
   "execution_count": 4,
   "metadata": {},
   "outputs": [],
   "source": [
    "## check all feasible routes of the map and calculate its mean path\n",
    "# calculate the juzu permutation of the cities\n",
    "def perm(numOfCities):\n",
    "    routes = []\n",
    "    def perm_sub(numOfCities_now, route):\n",
    "        if numOfCities_now == numOfCities:\n",
    "            routes.append(list(route))\n",
    "        else:\n",
    "            for new_city in range(1, numOfCities):\n",
    "                if new_city not in route:\n",
    "                    if numOfCities_now != 2 or route[0] > new_city:\n",
    "                        route.append(new_city)\n",
    "                        perm_sub(numOfCities_now + 1, route)\n",
    "                        route.pop() # delete last number\n",
    "\n",
    "    for start_city in range(1, numOfCities):\n",
    "        perm_sub(2, [start_city, 0])\n",
    "    return routes"
   ]
  },
  {
   "cell_type": "code",
   "execution_count": 5,
   "metadata": {
    "scrolled": true
   },
   "outputs": [],
   "source": [
    "list_permOfCities = [[] for i in range(len(num_of_cities))] # list of possible routes: [0, 1, 2, 3], ...\n",
    "list_feasibleRouteLength = [[] for i in range(len(num_of_cities))] # list of length of routes: 303.8657, ...\n",
    "list_avgFeasibleRoutes = [0 for i in range(len(num_of_cities))] # list of average fRL: 405.992, ...\n",
    "list_minFeasibleRoutes = [0 for i in range(len(num_of_cities))] # list of min fRL: 390.361, ...\n",
    "list_maxFeasibleRoutes = [0 for i in range(len(num_of_cities))] # list of max fRL: 425.826, ...\n",
    "list_time = []\n",
    "\n",
    "# in list_permOfCities, put all routes into the selected city\n",
    "for idx, numOfCities in enumerate(num_of_cities):\n",
    "    list_permOfCities[idx] = perm(numOfCities)\n",
    "\n",
    "for idx, routes_of_a_city in enumerate(list_permOfCities): # for each routes of a city\n",
    "    startTime = time.perf_counter()\n",
    "    for route in routes_of_a_city: # for each route of routes\n",
    "        start_city = 0\n",
    "        current_city = 0\n",
    "        next_city = 0\n",
    "        total_path = 0\n",
    "        for i, city in enumerate(route): # for each city in route\n",
    "            if i == 0: start_city = city\n",
    "            else:\n",
    "                current_city = route[i-1]\n",
    "                next_city = route[i]\n",
    "                total_path += list_maps[idx][current_city][next_city]\n",
    "        total_path += list_maps[idx][route[-1]][route[0]]\n",
    "        list_feasibleRouteLength[idx].append(total_path)\n",
    "    list_time.append(time.perf_counter()-startTime)\n",
    "\n",
    "for idx, numOfCities in enumerate(num_of_cities):\n",
    "    average = 0\n",
    "    for length in list_feasibleRouteLength[idx]:\n",
    "        average += length\n",
    "    average /= len(list_feasibleRouteLength[idx])\n",
    "    list_avgFeasibleRoutes[idx] = average\n",
    "    list_minFeasibleRoutes[idx] = min(list_feasibleRouteLength[idx])\n",
    "    list_maxFeasibleRoutes[idx] = max(list_feasibleRouteLength[idx])"
   ]
  },
  {
   "cell_type": "markdown",
   "metadata": {},
   "source": [
    "## Logistic!"
   ]
  },
  {
   "cell_type": "code",
   "execution_count": 6,
   "metadata": {
    "scrolled": true
   },
   "outputs": [
    {
     "name": "stdout",
     "output_type": "stream",
     "text": [
      "For 4 fails: 0\n",
      "For 5 fails: 0\n",
      "For 6 fails: 0\n",
      "For 7 fails: 0\n",
      "For 8 fails: 0\n",
      "finished calculation!\n"
     ]
    }
   ],
   "source": [
    "# calculate the sigmoid function\n",
    "def sgm(h_0, gamma_0, theta_0):\n",
    "    return 1 / ( 1 + math.exp( -gamma_0 * ( h_0 - theta_0) ) )\n",
    "\n",
    "# update lists of illu. and ni. lanes and it's number \n",
    "def checkIlluOnLanes():\n",
    "    global X_illuminated\n",
    "    global X_nonilluminated    \n",
    "    X_illuminated = [] # 0 <= list.len() <= NLanes\n",
    "    X_nonilluminated = []\n",
    "    \n",
    "    illu_lanes_counter = 0\n",
    "    for iLane in range(NLanes): # iLane stands for \"ID for a lane\"\n",
    "        if(Light[iLane] <= withdraw): # if lighted less than or equal withdraw = 0.5, it's nonilluminated\n",
    "            X_nonilluminated.append(iLane)\n",
    "        else:\n",
    "            X_illuminated.append(iLane) # else (light greater than 0.5), it's illuminated\n",
    "            illu_lanes_counter += 1\n",
    "    list_illu_lanes[cityId_now].append(illu_lanes_counter)\n",
    "\n",
    "# deal with X_a, leg obtained from deltaXd, stock, total_deltaXd\n",
    "def updateX(num_step):\n",
    "    global X\n",
    "    global X_a\n",
    "    global X_b\n",
    "    global stock\n",
    "    global sigmoid_deltaXd\n",
    "    global phases # initiated in the initiation\n",
    "    \n",
    "    # update X_a (distribution and gain on branches)\n",
    "    ## distribution from illu.branches\n",
    "    for illu_branch in X_illuminated:\n",
    "        sigmoid_deltaXd[illu_branch] = 2 * deltaXd * sgm(X[illu_branch], gamma_3, theta_3) # update distribution from each lanes\n",
    "        X_a[illu_branch] -= sigmoid_deltaXd[illu_branch] # remove distributed resource from legs\n",
    "        \n",
    "    ## gain on nonillu.branches\n",
    "    for nonillu_branch in X_nonilluminated:\n",
    "        X_a[nonillu_branch] += (deltaXg + stock) / len(X_nonilluminated)\n",
    "    if len(X_nonilluminated) > 0: stock = 0 # remove stock if used\n",
    "    \n",
    "    # update stock\n",
    "    stock += sigmoid_deltaXd.sum()\n",
    "    sigmoid_deltaXd = np.zeros(NLanes) # remove distributions\n",
    "    if len(X_nonilluminated) == 0: stock += deltaXg # if all the lanes were illu., gain extra resource to the stock\n",
    "    list_stock[cityId_now].append(stock)\n",
    "                            \n",
    "    # update X_b (noise 0 to 1)\n",
    "    if TSPmode == 0: X_b = 4 * X_b * (1 - X_b)\n",
    "    elif TSPmode == 1: X_b = np.random.rand(NLanes)\n",
    "    elif TSPmode == 2: \n",
    "        for iLane in range(NLanes):\n",
    "            X_b[iLane] = (math.sin( num_step * freq + phases[iLane] ) + 1) / 2\n",
    "    \n",
    "    # update X with X_0 + X_a + fixedX_b (-amp <= fixedX_b < amp)\n",
    "    X = np.array( [X_0]*NLanes ) + X_a + amplitude * 2*(0.5 - X_b)\n",
    "    \n",
    "    # record the legs\n",
    "    for iLane in range(NLanes):\n",
    "        list_legs[cityId_now][iLane].append(X[iLane])\n",
    "            \n",
    "# initialize X and X_0\n",
    "def initialize_X():\n",
    "    global X\n",
    "    global X_0  \n",
    "    xx, jval = .0, .0\n",
    "    setval = 1 / ( NLanes - 1 ) ### !--No big meaning... Let's test!\n",
    "\n",
    "    while jval < setval: \n",
    "        jval = sgm(xx, gamma_2, theta_2)\n",
    "        xx += deltaXg / NLanes # deltaXg is the gain rate of a branch\n",
    "        \n",
    "    X = np.array( [xx]*NLanes )\n",
    "    X_0 = xx\n",
    "\n",
    "# judge if TSP should stop calculation or not\n",
    "def judgement_TSP():\n",
    "    global judgement\n",
    "    judge = False # decision inside judgement_TSP()\n",
    "    temp_route = np.zeros(NCity) # list of decided cities in order\n",
    "    \n",
    "    # check if all cities have it's one unique lane = order to visit\n",
    "    for iOrder in range(NCity):\n",
    "        counter = 0 # counter for decided cities in the order\n",
    "        for iCity in range(NCity):\n",
    "            if X[iOrder*NCity + iCity] >= decided:\n",
    "                counter += 1\n",
    "                temp_route[iOrder] = iCity\n",
    "            if counter == 2:\n",
    "                break\n",
    "        if counter == 0: # city in the order is still unknown\n",
    "            judge = False\n",
    "            break\n",
    "        elif counter == 2: # visited the same city twice\n",
    "            judge = False\n",
    "            break\n",
    "        elif counter == 1: # decided! go on to the next city\n",
    "            judge = True\n",
    "    \n",
    "    if judge: # check if all the city for the order is decided\n",
    "        for iCity in range(NCity):\n",
    "            for iOrder in range(NCity):\n",
    "                if iCity == temp_route[iOrder]: # if the city is inside at the order of temp_route, go check the next city\n",
    "                    break\n",
    "                # if you have seen all the items in the order and couldn't find the city, that's error\n",
    "                if (iOrder == NCity-1) and (iCity != temp_route[iOrder]):\n",
    "                    judge = False\n",
    "\n",
    "        judgement = judge # if judge didn't turn False here, then judgement is True\n",
    "        \n",
    "    \n",
    "# taking total distance from Y[](=list of cities in calculated order) \n",
    "def total_path_length():\n",
    "    global list_op\n",
    "    global list_minPath\n",
    "    global list_maxPath\n",
    "    global list_minStep\n",
    "    global list_maxStep\n",
    "    global list_minTime\n",
    "    global list_maxTime\n",
    "    idc, idn = int(Y[0]), int(Y[0]) # stands for id of the current city and id of the next city\n",
    "    final_length = .0\n",
    "    \n",
    "    for iCity in Y: # for each cities in Y, set it to id next, add distance, set it to id current\n",
    "        idn = int(iCity)\n",
    "        final_length += _map[idc][idn]\n",
    "        idc = idn       \n",
    "    final_length += _map[idn][int(Y[0])] # add distance of last visited city and first visited city\n",
    "    \n",
    "    data_to_go = [final_length, step, step-step_light, t_finished-t_start, t_finished-t_light]\n",
    "    list_op[cityId_now].append(data_to_go) # record the result to the outside list\n",
    "    if final_length < list_minPath[cityId_now]: list_minPath[cityId_now] = final_length # record max and min path\n",
    "    if final_length > list_maxPath[cityId_now]: list_maxPath[cityId_now] = final_length\n",
    "    if step < list_minStep[cityId_now]: list_minStep[cityId_now] = step # record max and min step\n",
    "    if step > list_maxStep[cityId_now]: list_maxStep[cityId_now] = step\n",
    "    if t_finished-t_start < list_minTime[cityId_now]: list_minTime[cityId_now] = t_finished-t_start # record max and min time\n",
    "    if t_finished-t_start > list_maxTime[cityId_now]: list_maxTime[cityId_now] = t_finished-t_start\n",
    "\n",
    "# calculation of nu\n",
    "def calculation_nu():\n",
    "    global nu\n",
    "    trio = []\n",
    "    \n",
    "    for ci in range(NCity-2): # calculating the trio of the cities with longest path\n",
    "        for cj in range(1, NCity-1):\n",
    "            if ci >= cj:\n",
    "                continue\n",
    "            for ck in range(2, NCity):\n",
    "                if cj >= ck:\n",
    "                    continue\n",
    "                trio.append(_map[ci][cj] + _map[cj][ck])\n",
    "                trio.append(_map[ck][ci] + _map[ci][cj])\n",
    "                trio.append(_map[cj][ck] + _map[ck][ci])\n",
    "\n",
    "    longest_path = max(trio)    \n",
    "    nu =  theta / longest_path - 0.00000005\n",
    "\n",
    "## for making things shorter. If floor(lane / NCity), it is showing the order of the lane. lane%NCity shows the city\n",
    "def floor(x): return math.floor(x)\n",
    "\n",
    "\n",
    "## main routines=====================================\n",
    "## for recording data outside trials\n",
    "# list of p's data, output_p1[[final_length, step, step-step_light, t_finished-t_start, t_finished-t_light], ... ]\n",
    "list_op = [[] for i in range(len(num_of_cities))]\n",
    "# record the shortest and longest path, step and time calculated in the trials\n",
    "list_minPath = [math.inf for i in range(len(num_of_cities))]\n",
    "list_maxPath = [0 for i in range(len(num_of_cities))]\n",
    "list_minStep = [math.inf for i in range(len(num_of_cities))]\n",
    "list_maxStep = [0 for i in range(len(num_of_cities))]\n",
    "list_minTime = [math.inf for i in range(len(num_of_cities))]\n",
    "list_maxTime = [0 for i in range(len(num_of_cities))]\n",
    "# record the length of legs: legs_p1 = [lane1[len, len, ...], lane2[]...]\n",
    "list_legs = [[[] for j in range(num_of_cities[i]**2)] for i in range(len(num_of_cities))] \n",
    "# record the number of illuminated lanes\n",
    "list_illu_lanes = [[] for i in range(len(num_of_cities))]\n",
    "# record stock\n",
    "list_stock = [[] for i in range(len(num_of_cities))]\n",
    "\n",
    "# set seed here\n",
    "np.random.seed(0)\n",
    "trials = 1 # how many trials we do for a calculation on the number of the cities\n",
    "cityId_now = 0 # record which ID of the city we're working on now\n",
    "\n",
    "for a_map in list_maps: # calculate each map\n",
    "    fail = 0 # counter for failure trial of a map\n",
    "    NCity = a_map.shape[0] # .shape[0] for number of cities\n",
    "    NLanes = NCity**2\n",
    "    _map = a_map # global map for this cities\n",
    "    Wvkul = np.zeros((NLanes, NLanes)) # weight between vk and ul: legs with large W is more light-avoiding\n",
    "    \n",
    "    # initialize Wvkul. % turns laneID into cityID, floor turns laneID into order\n",
    "    calculation_nu() # set nu\n",
    "    for v in range(NLanes):\n",
    "        for u in range(NLanes):\n",
    "            if v % NCity == u % NCity and floor(v / NCity) != floor(u / NCity): # same city & diff. order\n",
    "                Wvkul[v, u] = -_lambda\n",
    "            elif v % NCity != u % NCity and floor(v / NCity) == floor(u / NCity): # diff. cities & same order\n",
    "                Wvkul[v, u] = -mu\n",
    "            elif v % NCity != u % NCity and math.fabs(floor(v / NCity) - floor(u / NCity)) == 1: # diff. cities and next order\n",
    "                Wvkul[v, u] = -nu * _map[v % NCity, u % NCity]\n",
    "            elif v % NCity != u % NCity and math.fabs(floor(v / NCity) - floor(u / NCity)) == NCity - 1: # diff. cities and next order\n",
    "                Wvkul[v, u] = -nu * _map[v % NCity, u % NCity]\n",
    "            else:\n",
    "                Wvkul[v, u] = 0\n",
    "    \n",
    "    # trials\n",
    "    for trial in range(trials): # calculate for the number of trials\n",
    "        t_start, t_light, t_finished = .0, .0, .0 # keep track of time for start, light being on for a step, end of step\n",
    "        light_on = False # the power of light. Become False when step is over.\n",
    "        step, step_light = 0, 0 # what step we're on in a step.\n",
    "        X_0 = .0 # initial leg length. initialized at initialize_X()\n",
    "        X, X_a, X_b, sigmoid_deltaXd = np.zeros(NLanes), np.zeros(NLanes), np.zeros(NLanes), np.zeros(NLanes)\n",
    "        # length of leg, resource to be gained to legs, noise, sigmoided distribution from each illu. lanes\n",
    "        Light = np.zeros(NLanes) # list of the brightness of light spotting a lane\n",
    "        judgement = False # to continue the step or not\n",
    "        Y = np.zeros(NCity) # list of cities in calculated order\n",
    "        X_illuminated, X_nonilluminated = [], [] # record the illu. or nonillu. lanes\n",
    "        stock = .0\n",
    "        phases = np.zeros(NLanes) # initial angle of noise for sinTSP\n",
    "\n",
    "        ## initializations\n",
    "        t_start = time.perf_counter()\n",
    "        initialize_X() # set X and X_0\n",
    "        X_b = np.random.rand(NLanes) #set X_b in random\n",
    "        if TSPmode == 2: phases = 2 * pi * X_b # 0 to 2pi\n",
    "\n",
    "        ## steps\n",
    "        for s in range(MaxCyc):\n",
    "            step = s\n",
    "            judgement_TSP() # judge if TSP should stop calculation of this step or not\n",
    "            if judgement:\n",
    "                break\n",
    "                \n",
    "            # update Light[], list of the brightness of light spotting a lane\n",
    "            for i in range(NLanes): # check Light on i\n",
    "                h = .0\n",
    "                for j in range(NLanes): # for each lane i, sum up relationship with other lanes\n",
    "                    h += Wvkul[i, j] * sgm(X[j], gamma_2, theta_2)\n",
    "                    if h < -1.2: # when h is smaller than -1.2, we can't calculate\n",
    "                        h = -1.2\n",
    "                        break\n",
    "                Light[i] = 1 - sgm(h, gamma_1, theta_1)\n",
    "\n",
    "            checkIlluOnLanes() # update lists of illu. and ni. lanes and it's number \n",
    "            \n",
    "            # if lights are on for the first time in a trial, update statistics for lights on\n",
    "            if Light.sum() > .0 and light_on == False:\n",
    "                t_light = time.perf_counter()\n",
    "                step_light = step\n",
    "                light_on = True\n",
    "\n",
    "            updateX(step) # deal with X_a, leg obtained from deltaXd, stock, total_deltaXd \n",
    "            ## end of a step\n",
    "\n",
    "        if judgement == False:\n",
    "            print(NCity, 'City Not found at trial:', trial)\n",
    "            print(X)\n",
    "            fail += 1\n",
    "        else:\n",
    "            for i in range(NLanes):\n",
    "                if (X[i] >= decided):\n",
    "                    Y[floor(i / NCity)] = int(i % NCity)\n",
    "            t_finished = time.perf_counter()\n",
    "            total_path_length()\n",
    "        # end of a trial\n",
    "        \n",
    "    print(\"For\", NCity, \"fails:\", fail)\n",
    "    cityId_now += 1\n",
    "print(\"finished calculation!\")"
   ]
  },
  {
   "cell_type": "code",
   "execution_count": 7,
   "metadata": {
    "scrolled": true
   },
   "outputs": [
    {
     "name": "stdout",
     "output_type": "stream",
     "text": [
      "list_avrPath: [365.2956814808241, 465.497001659646, 523.0886255312463, 693.8136807680514, 681.743046895268]\n",
      "list_minPath: [365.2956814808241, 465.497001659646, 523.0886255312463, 693.8136807680514, 681.743046895268]\n",
      "list_maxPath: [365.2956814808241, 465.497001659646, 523.0886255312463, 693.8136807680514, 681.743046895268]\n",
      "list_avgFeasibleRoutes: [406.70941824122724, 505.89126647176073, 600.0697737674212, 703.5469712740761, 800.8746327351154]\n",
      "list_minFeasibleRoutes: [365.29568148082416, 449.7730203962254, 522.7758777306009, 605.0305193334461, 637.9276009558943]\n",
      "list_maxFeasibleRoutes: [439.96053023091815, 562.0095125472961, 689.2761953745335, 789.096147117968, 923.207774891707]\n",
      "num_of_cities [4, 5, 6, 7, 8]\n"
     ]
    },
    {
     "data": {
